 79.0 
-0.02099387 
0.02099387 
0.04198774 
-0.576320653171507602E-01
 -0.312266731356245886
 -0.394384169766226478E-08
 0.535271604247384403
 0.461635885073974350E-08
 -0.207648096837814877
 -0.120740928366558364E-08
 0.382748343569545152E-01
 0.472478944857357419E-09
 -0.209068905941478117E-01
 0.156783058757881122E-08
 -0.368504603468693820E-01
 -0.509780663515702059E-08
 0.381789020774263993E-01
 -0.123461456613682685E-07
 -0.120606730648376431E-01
 -0.109410294157896715E-07
 0.774257402777948911E-02
 -0.727997592764317858E-08
 -0.302553396448287937E-03
 0.548505541680954778E-08
 -0.545182677747386990E-02
 0.592733995219418830E-08
 0.289262073404468467E-02
 0.350539861027066024E-08
 -0.159520930593255728E-02
 0.320453916735630173E-07
 0.991871714710115815E-03
 0.178186003729763343E-07
 0.380390205691624739E-03
 0.283054573599339498E-07
 -0.525783357076689550E-03
 0.113176668037340278E-08
 0.267596245123555287E-03
 -0.960300061692009876E-08
 -0.249753345073641664E-03
 0.558542045947518773E-09
 0.616030982554666151E-04
 -0.213409736549152740E-07
 0.623420722404982586E-04
 -0.107320314718384324E-07
 -0.392276037785715959E-04
 -0.564031132910258748E-08
 0.390073018081294604E-04
 -0.640300035215091157E-07
 -0.266724364834259459E-04
 0.160311930397227798E-07
 -0.180872309844641588E-05
 -0.266213789346103624E-07
 0.604044642220184780E-05
 -0.172156843294968276E-07
 -0.513792951299489598E-05
 -0.130675479326214372E-07
 0.610697573315104048E-05
 -0.227290257726053824E-07
 -0.226751117086802789E-05
 0.949447533926672804E-07
 0.174592790043101576E-06
 -0.792376075864353879E-08
 -0.164418857235767990E-06
 -0.101105356628550247E-06
 -0.405173896171964754E-06
 0.288193988673413060E-07
 0.295721903813619957E-06
 -0.287074414018206880E-06
 0.171399662502944028E-06
 0.430249245120251089E-07
 -0.683076617531350183E-06
 -0.230982888815844944E-06
 0.831148753417318420E-06
 0.125553057672700419E-06
 -0.118348763326718565E-05
 -0.399132203954266629E-07
 0.151171915522933797E-05
 0.340113486263504683E-07
 -0.289964802431194602E-06
 0.308683589800295977E-07
 -0.281596726341495907E-06
 -0.102883790376040452E-08 
1.0 
0.0 
0.0 
0.0 
0.0 

