 119.0 
0.0 
0.57727384 
0.02623972 
-0.192758059280873084E-05
 -0.764861307949479152
 -0.567173449540769870E-04
 0.310007335829345476
 0.843599827132779367E-05
 0.826787550298191398E-06
 0.137090602660844274E-05
 -0.503169889777356216E-01
 -0.118673264001278866E-04
 0.331163775909092267E-01
 0.643542666926844031E-05
 -0.258684417761556595E-06
 0.475343133549133157E-06
 -0.540488076078395052E-02
 -0.305846948894794579E-05
 0.416643726655342717E-02
 0.235876713294835838E-05
 0.873991668898232987E-07
 -0.105154414037356148E-06
 -0.606437150418290272E-03
 -0.540672599497193929E-06
 0.529267968511475811E-03
 0.424407559138084700E-06
 -0.156385420040788814E-06
 0.246727136110624912E-06
 -0.674042223406563779E-04
 -0.391339454924866104E-06
 0.665237865061958644E-04
 0.347203504953708109E-06
 0.103312140935923891E-06
 -0.197374647584180885E-06
 -0.753289079989324928E-05
 0.887809208371947989E-07
 0.834586587382044054E-05
 -0.135640776950662900E-06
 -0.141302416750005433E-06
 0.223530980045238969E-06
 -0.410478241747586070E-06
 -0.284613480498741023E-06
 0.100534541593380600E-05
 0.217618439879441183E-06
 -0.219985372269110302E-06
 -0.156253775598913514E-06
 -0.652547898875865950E-07
 0.133944006018571482E-06
 0.309902952948942767E-06
 -0.144069265822777126E-06
 -0.199793044202561942E-06
 0.217401484488288776E-06
 0.178855566673047361E-06
 -0.229125010842851085E-06
 -0.157676390926536625E-06
 0.324641147020354737E-06
 0.532361584641705132E-07
 -0.193311167712151288E-06
 -0.106920106417857097E-06
 0.202058533255861095E-06
 -0.447741738303364389E-07
 -0.805707055726023746E-07
 -0.173246014738975829E-06
 0.169137786252410161E-06
 0.163572701921549379E-06
 -0.243754631409909273E-06
 -0.264673419674010812E-07
 0.328466907888180781E-06
 -0.835058015132006393E-07
 -0.336354449907011466E-06
 -0.291199969519595481E-07
 0.172498800590781265E-06
 -0.315732561380344112E-07
 -0.229096447333654307E-06
 -0.949072730231648176E-07
 0.213266683625479292E-06
 0.200863746840224122E-06
 -0.262185202028197839E-06
 -0.110505448219083702E-06
 0.313368126881458098E-06
 0.326031342860744200E-07
 -0.256982024382512719E-06
 -0.554396160576398067E-08
 0.252565551035754954E-06
 0.539893337640762194E-07
 -0.257255458172012119E-06
 0.174971750994262765E-06
 0.296508209566767600E-06
 -0.510802548210620433E-07
 -0.288752822017596111E-06
 0.166482982195265139E-06
 0.118921817992070911E-06
 0.912430118613083430E-08
 0.103737644675805374E-06
 -0.664101003394063083E-06
 -0.121844512979141228E-06
 0.592546052984727067E-06
 -0.690292486572527397E-06
 -0.140196471192649552E-06
 0.122576459051296216E-05
 -0.839019184923489592E-06
 -0.770911800703280581E-06
 0.621308094878730843E-06
 -0.206016395075392378E-06
 -0.780472701085443976E-07
 0.325434702533322628E-06
 -0.114251884269361836E-06
 -0.350855133487981696E-08
 0.104300193242562456E-06
 -0.387709287456156071E-06
 0.150775895008808947E-06
 0.539873027534734651E-06
 -0.415263682503053122E-07
 -0.327617352158596220E-06
 0.174984853402310181E-06
 0.225146016975819041E-06
 -0.769630671589027759E-07
 -0.134266433455751399E-06
 -0.807110270666100416E-07
 0.346963773337205517E-08
 -0.194611322740928516E-06
 -0.182528388906894046E-06 
1.0 
0.0 
0.0 
0.0 
0.0 

