 79.0 
-0.02099387 
0.02099387
0.04198774 
-0.576338318657035886E-01
 0.312262406776770196
 -0.315924979362933178E-08
 0.535267398271085493
 -0.283497480785960265E-08
 0.207643050854446121
 -0.291192980752391639E-09
 0.382704848242320095E-01
 -0.166344071329815879E-08
 0.209077558740587977E-01
 -0.867958095803963992E-09
 -0.368482720872150837E-01
 0.217964337117376727E-08
 -0.381752772749138769E-01
 0.978505785751392076E-08
 -0.120562798448516986E-01
 0.289724559274229243E-08
 -0.774091263923259304E-02
 -0.196997997341935571E-08
 -0.302323743272776835E-03
 0.361309902786530190E-08
 0.545120670305999228E-02
 -0.372079304389663634E-08
 0.289112541839819243E-02
 -0.155089404339781023E-08
 0.159412907256063080E-02
 0.311022270872013396E-08
 0.991421923186013021E-03
 0.675060411433128782E-08
 -0.380495211161561986E-03
 0.120921568539517077E-07
 -0.525512326381101513E-03
 0.125349216215098203E-07
 -0.267228065383366686E-03
 -0.158529483637592783E-07
 -0.249465923306442516E-03
 0.216810795532207390E-08
 -0.614816441925000734E-04
 0.502613724511630222E-08
 0.623331824812708990E-04
 -0.119569210305439655E-07
 0.391738197996829851E-04
 -0.140950458943356338E-08
 0.388541949946016874E-04
 -0.145079940335607338E-08
 0.267089393367683781E-04
 -0.493422288271039289E-08
 -0.168994184968768169E-05
 0.611146429817244208E-08
 -0.598269852224858623E-05
 0.371562238875994266E-08
 -0.509245260994078963E-05
 -0.124236540308825250E-07
 -0.609815459006596283E-05
 0.144157796012900352E-07
 -0.232583191740048933E-05
 0.368571403171896739E-08
 -0.151458988344177481E-06
 -0.362719037756698004E-07
 -0.262481335625008860E-07
 0.158204777750414749E-08
 0.419100192002030969E-06
 -0.184994160962181908E-08
 0.315927893505818513E-06
 -0.560295506206454075E-07
 -0.158226382100667973E-06
 0.185117466494633121E-07
 -0.801489707609459590E-06
 0.485632531271873447E-07
 -0.111446089056527198E-05
 0.475037305737273374E-07
 -0.113682678482690536E-05
 -0.202534425862432865E-08
 -0.138502749968266725E-05
 0.259728371362205612E-07
 -0.285212851676430734E-06
 0.911347182962207736E-08
 0.229389107826716288E-06
 0.882331977619665864E-08 
1.0 
0.0 
0.0 
0.0 
0.0 

