1.0
0.0
0.0
0.0
0.0
119
-0.654
0.654
1.308
 0.7348827871763718
 0.003042790329060802
 -1.9566644258710426E-9
 -0.4883876447799742
 7.884015276557263E-9
 -0.004710798103194571
 -2.2245221323236863E-9
 0.14855882420760663
 -9.477600485012482E-9
 0.0013497122155032603
 -6.8394870645965646E-9
 -0.013647247583871484
 3.814458979597722E-9
 0.00026926940875958584
 -1.23184390013281E-10
 -0.013055332675240665
 -1.805847157684281E-8
 -0.00046696744837917986
 4.014559569305089E-8
 0.004874588043120456
 -5.175328706822308E-9
 0.0000655785500277116
 -7.528591620934692E-8
 -0.0012305788237938612
 7.642362124622095E-8
 0.000028305472547553876
 1.0901054261379343E-7
 -0.0008451677736184984
 -9.009539207423728E-8
 -0.000012494201899799909
 -1.1694410610912382E-7
 -0.00007336649820512868
 7.703697962946329E-8
 -0.00004246773224008822
 1.0015197690326336E-7
 -0.00030674276726902944
 -4.8275662692777706E-8
 -0.00001906218730332148
 -2.7579720655331292E-8
 -0.0002633943237728754
 -2.4193535818523892E-9
 0.000008850448681425708
 5.424190208981232E-8
 -0.00012053830792979001
 7.266490999466678E-8
 0.000019253001666204453
 -7.235444534356885E-8
 -0.00014396923429876778
 -9.115306895760265E-8
 0.000006902325233847252
 6.586022677826322E-8
 -0.0001635335748615188
 5.2523448787107534E-8
 -0.00003888485391867205
 -9.08511328653734E-8
 -0.00010868378924051752
 -8.946851611582168E-9
 -0.00003237574089223237
 1.0801354798618936E-7
 -0.00008377103057047274
 1.1346618021359172E-7
 0.000044764355313258464
 -1.1650157008384828E-7
 -0.00006975846232960813
 -5.2493940256225026E-8
 0.000008572889980188453
 8.18542057555396E-8
 -0.00010038841953302121
 1.871149378232942E-7
 -0.00001451932734502062
 7.241431426283946E-9
 -0.00008479936895564034
 -8.429875996730329E-8
 -0.000020924056158840902
 6.949748987501806E-9
 -0.000029451016378048836
 5.852776570637465E-8
 0.000008456112652779966
 3.222745679098345E-8
 -0.00006208589831297205
 -1.1911457952056144E-7
 0.000024509418884669632
 -1.0829831473599748E-7
 -0.00004805781312795198
 -9.712158490068298E-9
 0.000023905985266829636
 6.631583580404646E-8
 -0.0000478183630116124
 -3.562900685619465E-8
 -0.00002057664893359533
 -3.5528602707954755E-8
 -0.00004908215240110938
 1.252603829961677E-8
 -0.00003000877990002559
 -7.530637938872738E-9
 -0.000026249488941870422
 2.7801647024168595E-9
 0.000012854102541300955
 -1.412764205621989E-8
 -0.000012721735307479922
 -9.597932323344854E-9
 0.0000471083155397562
 -1.022983869724862E-7
 -0.00006109893194172886
 1.0190393469064389E-7
 -0.000023444337296500017
 4.143544073434373E-8
 -0.00003153202914045997
 -6.678159699657184E-8
 -0.000012676551808453947
 5.110864807392778E-8
 -0.00002268438846973377
 2.8224632189336336E-8
 0.00000999438449243789
 -1.189068859109437E-7
 0.000008725977060265516
 1.93662212456926E-8
 0.000014840256880990378
 5.65951220053151E-8
