 119.0 
0.0 
0.57727384 
0.02623972 
-0.188813811674570786E-05
 0.382381553879499014
 0.662417728687207719
 -0.155011070268132434
 0.268470011185609092
 0.757921556390761531E-06
 0.129864544557919959E-05
 0.251482695250031668E-01
 0.435818191434327179E-01
 -0.165638639150513939E-01
 0.286764555161027473E-01
 -0.890891571486696066E-07
 0.351479321376857445E-06
 0.269984589528048102E-02
 0.468230827294766061E-02
 -0.208534703546246758E-02
 0.360706951077635618E-02
 0.866928659831733839E-07
 -0.171662560881358228E-06
 0.302760523764669665E-03
 0.525569284684362925E-03
 -0.265048783260956461E-03
 0.458210853920337779E-03
 -0.908692656571841173E-07
 0.172117280788919302E-06
 0.333832445578059744E-04
 0.586018836894186546E-04
 -0.336422018010103241E-04
 0.573566369017064481E-04
 0.519099232383635201E-07
 -0.169502428676304717E-06
 0.383055713216659544E-05
 0.655188690851238320E-05
 -0.407306919060143602E-05
 0.725919845631639582E-05
 -0.766961549721056901E-07
 0.172953461604480330E-06
 0.538509125139197131E-08
 0.724877847690930111E-06
 -0.743977638373999328E-06
 0.711205042358553641E-06
 0.192722895187708021E-06
 -0.330948741245062905E-06
 0.140234958100754481E-06
 0.150697614720307627E-06
 0.174055985076304598E-07
 0.190748426998066378E-06
 -0.892238760548391685E-07
 0.219447341021083986E-06
 -0.329389591390699676E-06
 0.743540007341891851E-09
 -0.145007449370987418E-06
 -0.167646656168418673E-06
 0.641970829724780589E-07
 -0.213196649639924019E-06
 0.121095182114422384E-06
 0.107296416085311819E-06
 0.167651224226156303E-06
 0.580207514810915370E-07
 0.395504274816604884E-08
 0.231401711958678646E-06
 -0.305193138549347820E-06
 0.254546269617961229E-07
 -0.229993590162430595E-06
 -0.282705919230075153E-06
 0.723013628863011792E-07
 -0.170138773181172098E-06
 0.127799273618584008E-06
 -0.316981894621370941E-07
 0.217435230476931141E-06
 0.705072064066669668E-07
 -0.345377786266365394E-07
 0.231932685161584384E-06
 -0.315403431604827089E-06
 0.206394800694731373E-07
 -0.149347046497078084E-06
 -0.202428258710973807E-06
 0.603568552810795911E-07
 -0.277887141297838980E-06
 0.103896836255862324E-06
 -0.135799888778542766E-06
 0.998446141216302596E-07
 -0.258485822746123972E-07
 -0.245467676174976335E-06
 0.101341492197981609E-06
 -0.195116028455649682E-06
 0.189282594209583266E-06
 -0.556195816282106792E-06
 0.157986389082154233E-06
 0.612331534262378074E-07
 -0.178699482308863900E-06
 0.822172351765820819E-06
 0.936329464074070472E-06
 -0.425328151597986759E-06
 0.128299819657229364E-05
 0.319087105730975207E-07
 0.223845341928985420E-06
 0.616376327523121548E-06
 0.149383263581270853E-05
 -0.105541125859989759E-05
 0.102871314244801226E-05
 -0.595019555953146817E-07
 -0.230706710957484518E-06
 0.486111473085165668E-06
 0.575912262656963492E-06
 0.761693301661037214E-07
 0.542121711633036796E-06
 -0.532876940247117847E-07
 0.157389332511304048E-06
 -0.133182082483890296E-06
 0.248773556532633222E-06
 -0.409564394610734128E-06
 0.641935018474981689E-07
 0.401465756090513270E-07
 -0.194695255695265246E-06
 0.194433338995131377E-06
 0.147500867853089801E-06
 0.258387275787336224E-06
 0.296341253758214407E-07 
1.0 
0.0 
0.0 
0.0 
0.0 

