1.0
0.0
0.0
0.0
0.0
119
-0.53308
0.49308
1.02616
 0.7591041590761238
 0.18686099778062681
 2.682091872490516E-9
 -0.4757321165330377
 5.684887955146388E-9
 -0.26330301364104197
 -2.0068548941432648E-10
 0.0831385362318788
 -1.0706117978122554E-9
 0.03321475051421501
 3.341090229863836E-9
 -0.004031661449959748
 2.3697765324368167E-9
 0.07556955848166869
 7.036285084606127E-9
 0.04054724211731219
 -7.936792100831368E-9
 -0.02786302793706879
 -2.8067435918342675E-8
 -0.012330910078346007
 -1.2175019724555928E-8
 -0.001119174897720996
 2.721838814959257E-8
 -0.01769418994800055
 2.0777559045857756E-8
 -0.0068292897099805246
 -4.646115020933093E-9
 0.009043271366637462
 -2.7464420900198216E-8
 0.0034620884809353956
 1.2281996027412617E-8
 0.00045631835807203707
 2.1152049756143958E-8
 0.00427450119709604
 -2.8864450359088187E-8
 0.0007524829871389201
 -3.5975221678887475E-8
 -0.0028739368526154332
 1.2654274309453834E-8
 -0.0008385926862523612
 3.0181504392019765E-8
 -0.00013073759692699207
 -9.861770283559567E-9
 -0.0010435730029382053
 -6.638569363317743E-9
 -0.0000025391416783186777
 2.1812609251337287E-8
 0.000816316558634962
 -9.003423485123215E-9
 0.00017853265170583366
 -3.7534646383554834E-8
 -0.000018565636900346582
 1.661123574857592E-8
 0.0002709062994831281
 4.304364663456682E-8
 -0.00006910617355493385
 1.7988917835455615E-8
 -0.00032139597412241693
 -3.2863488389356195E-8
 -0.00006268347038759497
 4.7872122732229304E-8
 0.00004537887827964001
 -2.406875160068657E-8
 -0.0000700121685952226
 -1.095299961803156E-8
 0.000005885527839664175
 -3.1841019972285056E-8
 0.00009164041410222327
 2.207059613946726E-8
 -0.000014021305165704684
 8.625054857993992E-8
 -0.00007900639942402299
 1.8056192957539276E-8
 0.000009737073198282081
 -3.550991307956992E-8
 -0.00003242653982743254
 8.042012276020854E-9
 -0.000025264144243975295
 2.398953025379869E-8
 7.726427018393552E-7
 -1.8627909364380085E-8
 0.00003370573510794786
 -5.602210475460716E-8
 0.000008992064676687386
 3.605531177207934E-8
 -0.000016979449070225648
 4.762418517546936E-8
 -0.000008205927183491859
 -3.7531708008688944E-8
 -0.000014678507268161926
 -1.3566738963465126E-8
 -0.000008044414705195283
 9.172617176240124E-8
 -0.00003137195660521124
 5.8405822068806124E-8
 -0.00000449735424806192
 -1.3048435156255732E-7
 -0.000014735847505180473
 -1.1077537248575853E-7
 0.000018920818593012987
 5.6783823105912034E-8
 -0.00003758110963904638
 6.902574552508863E-8
 -0.000023121013125299226
 -2.8068193113698446E-8
 4.1556985024305986E-7
 -3.99391984009536E-8
 0.000023527371972612282
 1.1346966178436591E-7
 -0.00002139500987837154
 1.17155810456609E-8
 -0.000020587494123219495
 -6.316871244282123E-8
 0.000021143361430419716
 -9.364526670465456E-8
 -0.00003111815705890239
 -6.426826416628192E-8
 -0.000015932279170147603
 -1.7875218070364803E-8
