! Impact-T input file
!Npcol Nprow
1 1
!Dt Ntstep Nbunch
5e-13 1000000 1
!Dim Np Flagmap Flagerr Flagdiag Flagimg Zimage
6 10000 1 0 2 1 0.02
!Nx Ny Nz Flagbc Xrad Yrad Perdlen
32 32 32 1 0.015 0.015 45.0
!Flagdist Rstartflg Flagsbstp Nemission Temission
16 0 0 400 1.4e-11
!sigx(m) sigpx muxpx xscale pxscale xmu1(m) xmu2
0.0006 0.0 0.0 1.0 1.0 0.0 0.0
!sigy(m) sigpy muxpy yscale pyscale ymu1(m) ymu2
0.0006 0.0 0.0 1.0 1.0 0.0 0.0
!sigz(m) sigpz muxpz zscale pzscale zmu1(m) zmu2
1.27e-06 0.0 0.0 1.0 1.0 0.0 0.0
!Bcurr Bkenergy Bmass Bcharge Bfreq Tini
0.714 1.0 511005.0 -1.0 2856000000.0 0.0
!=================== LATTICE ===================
0 0 0 -4 0.0 0.0 0.25 4e-12 /!name:change_timestep_1
0 0 0 -5 0.0 0.0 -1000.0 /!name:SC_2D_to_3D

!__________________ 1.5 cell gun __________________
! Single particle phased and scaled for 6 MeV energy
0.15 0 0 105 0.0 47537665.05908992 2856000000.0 303.93723122804266 201 0.15 0.0 0.0 0.0 0.0 0.0 0.0 /!name:GUNF

!__________________Solenoid and correctors__________________
0.49308 0 0 105 0.0 0.0 0.0 0.0 102 0.15 0.0 0.0 0.0 0.0 0.0 0.2457 /!name:SOL10111
! Corrector quads: skew and regular. 
! Overlap SOL10111. Effective length, radius estimated from measurements. 
! Max field should be 0.00714 T/m
0.36 0 0 1 0.01601  0.0 0.210 0.0254 0.0 0.0 0.0 0.0 0.7853981633974483 /!name:SQ10122
0.36 0 0 1 0.01601  0.0 0.210 0.0254 0.0 0.0 0.0 0.0 0 /!name:CQ10121
!________________________________________________________________________

! Screen
0 1 102 -2 0.0 0.0 0.942084 /!name:PR10241

!__________________ L0AF begin __________________
0 -1 0 -6 1 1 1.058398 4.101254 0.0116 0.0292 0.035 /!name:wakefield_L0AF
! Phased to get to 64 MeV
0.052464 0 0 105 1.058398 26013438.73067529 2856000000.0  295.91 4 0.15 0.0 0.0 0.0 0.0 0.0 0.0 /!name:L0AF_entrance
2.937928 0 0 105 1.110862 30048347.300712895 2856000000.0 325.91 5 0.15 0.0 0.0 0.0 0.0 0.0 0.0 /!name:L0AF_body_1
2.937928 0 0 105 1.110862 30048347.300712895 2856000000.0 385.91 6 0.15 0.0 0.0 0.0 0.0 0.0 0.0 /!name:L0AF_body_2
0.052464 0 0 105 4.04879  26013438.73067529 2856000000.0  295.91 7 0.15 0.0 0.0 0.0 0.0 0.0 0.0 /!name:L0AF_exit
!__________________ L0AF exit __________________

0 1 103 -2 0.0 0.0 4.127448 /!name:L0AFEND

0.204 0 0 1 4.3103893 2.51482 0.108 0.016 0.0 0.0 0.0 0.0 0.0 /!name:QA10361
0.204 0 0 1 4.6387653 -2.62772 0.108 0.016 0.0 0.0 0.0 0.0 0.0 /!name:QA10371


!__________________ L0BF begin __________________
0 -1 0 -6 1 1 4.886847 7.929703 0.0116 0.0292 0.035 /!name:wakefield_L0BF
! Phased to get to 135 MeV
0.052464 0 0 105 4.886847 31841617.97938928 2856000000.0 125.16517285557836 4 0.15 0.0 0.0 0.0 0.0 0.0 0.0 /!name:L0BF_entrance
2.937928 0 0 105 4.939311 36780527.3869102 2856000000.0  155.16517285557836 5 0.15 0.0 0.0 0.0 0.0 0.0 0.0 /!name:L0BF_body_1
2.937928 0 0 105 4.939311 36780527.3869102 2856000000.0  215.16517285557836 6 0.15 0.0 0.0 0.0 0.0 0.0 0.0 /!name:L0BF_body_2
0.052464 0 0 105 7.877239 31841617.97938928 2856000000.0 125.16517285557836 7 0.15 0.0 0.0 0.0 0.0 0.0 0.0 /!name:L0BF_exit
!__________________ L0BF exit __________________

0.204 0 0 1 7.9495043 5.69501 0.108 0.016 0.0 0.0 0.0 0.0 0.0 /!name:QE10425
0.204 0 0 1 8.3510173 -15.64211 0.108 0.016 0.0 0.0 0.0 0.0 0.0 /!name:QE10441

! Screens
0 1 104 -2 0.0 0.0 9.104716 /!name:PR10465
0 1 105 -2 0.0 0.0 9.780156 /!name:PR10471


0.204 0 0 1 11.0392353001  -4.66906 0.108 0.016 0.0 0.0 0.0 0.0 0.0 /!name:QE10511
0.204 0 0 1 11.4292015001  4.71711 0.108 0.016 0.0 0.0 0.0 0.0 0.0 /!name:QE10525

0 1 106 -2 0.0 0.0 14.232788 /!name:PR10571

0 0 0 -99 16.5 0.0 16.5 /!name:stop_1
