FACET2e_survey.tape              5.631787     0.000000  1008.791082    -0.610865     0.000000     0.000000     7.955897
BEGDL10                          5.631787     0.000000  1008.791082    -0.610865     0.000000     0.000000     7.955897
BEGDL10                          0.000000     0.000000     0.000000     0.000000     0.000000     0.000000     0.000000

FACET2e_survey.tape              2.031510     0.000000  1013.932810    -0.610865     0.000000     0.000000    14.236682
PR10571                          2.031510     0.000000  1013.932810    -0.610865     0.000000     0.000000    14.232788
PR10571                          0.000000     0.000000     0.000000     0.000000     0.000000     0.000000     0.003894

FACET2e_survey.tape              0.000000     0.000000  1046.069599    -0.000000     0.000000     0.000000    46.947982
BC11CEND                         0.000000     0.000000  1046.069599    -0.000000     0.000000     0.000000    46.944088
BC11CEND                        -0.000000     0.000000     0.000000    -0.000000     0.000000     0.000000     0.003894

FACET2e_survey.tape              0.000000     0.000000  1420.402834    -0.000000     0.000000     0.000000   421.299204
ENDBC14E                         0.000000     0.000000  1420.402835    -0.000000     0.000000     0.000000   421.295310
ENDBC14E                        -0.000000     0.000000    -0.000001    -0.000000     0.000000     0.000000     0.003894

FACET2e_survey.tape              0.000000     0.000000  1928.640774    -0.000000     0.000000     0.000000   929.537144
BEGBC20                          0.000000     0.000000  1928.640775    -0.000000     0.000000     0.000000   929.533250
BEGBC20                         -0.000000     0.000000    -0.000001    -0.000000     0.000000     0.000000     0.003894

FACET2e_survey.tape              0.000000     0.000000  1993.870050    -0.000000    -0.000000    -0.000000   994.772814
MIP                              0.000000     0.000000  1993.870051    -0.000000    -0.000000    -0.000000   994.768921
MIP                             -0.000000     0.000000    -0.000001    -0.000000     0.000000     0.000000     0.003894

FACET2e_survey.tape              0.000000    -0.079592  2019.205289    -0.000000    -0.006000     0.000000  1020.108289
MAINDUMP                         0.000000    -0.079592  2019.205290    -0.000000    -0.006000     0.000000  1020.104396
MAINDUMP                        -0.000000     0.000000    -0.000001    -0.000000     0.000000     0.000000     0.003893

FACET2p_survey.tape              0.000000     0.000000  1420.402835     0.000000     0.000000     0.000000   374.351222
ENDBC14P                         0.000000     0.000000  1420.402835     0.000000     0.000000     0.000000   374.351222
ENDBC14P                         0.000000     0.000000     0.000000     0.000000     0.000000     0.000000     0.000000

FACET2p_survey.tape              0.000000     0.000000  1928.640775     0.000000     0.000000     0.000000   882.589162
BEGBC20                          0.000000     0.000000  1928.640775     0.000000     0.000000     0.000000   882.589162
BEGBC20                          0.000000     0.000000     0.000000     0.000000     0.000000     0.000000     0.000000

FACET2p_survey.tape              0.000000     0.000000  1993.870051     0.000000    -0.000000    -0.000000   947.824832
MIP                              0.000000     0.000000  1993.870051     0.000000    -0.000000    -0.000000   947.824832
MIP                              0.000000     0.000000     0.000000     0.000000     0.000000     0.000000     0.000000

FACET2p_survey.tape              0.000000    -0.079592  2019.205290     0.000000    -0.006000     0.000000   973.160307
MAINDUMP                         0.000000    -0.079592  2019.205290     0.000000    -0.006000     0.000000   973.160307
MAINDUMP                         0.000000     0.000000     0.000000     0.000000     0.000000     0.000000     0.000000

FACET2s_survey.tape              5.631787     0.000000  1008.791082    -0.610865     0.000000     0.000000     7.955897
BEGDL10                          5.631787     0.000000  1008.791082    -0.610865     0.000000     0.000000     7.955897
BEGDL10                          0.000000     0.000000     0.000000     0.000000     0.000000     0.000000     0.000000

FACET2s_survey.tape              2.031510     0.000000  1013.932810    -0.610865     0.000000     0.000000    14.236682
PR10571                          2.031510     0.000000  1013.932810    -0.610865     0.000000     0.000000    14.232788
PR10571                          0.000000     0.000000     0.000000     0.000000     0.000000     0.000000     0.003894

FACET2s_survey.tape              0.000000     0.000000  1046.069599    -0.000000     0.000000     0.000000    46.947982
BC11CEND                         0.000000     0.000000  1046.069599    -0.000000     0.000000     0.000000    46.944088
BC11CEND                        -0.000000     0.000000     0.000000    -0.000000     0.000000     0.000000     0.003894

FACET2s_survey.tape              0.000000     0.000000  1420.402834    -0.000000     0.000000     0.000000   421.299204
ENDBC14E                         0.000000     0.000000  1420.402835    -0.000000     0.000000     0.000000   421.295310
ENDBC14E                        -0.000000     0.000000    -0.000001    -0.000000     0.000000     0.000000     0.003894

FACET2s_survey.tape              0.000000     0.000000  1877.228000    -0.000000     0.000000     0.000000   878.124369
MSCAVEXT                         0.000000     0.000000  1877.228000    -0.000000     0.000000     0.000000   878.120475
MSCAVEXT                        -0.000000     0.000000     0.000000    -0.000000     0.000000     0.000000     0.003894

FACET2s_survey.tape             10.298794    -0.713927  1969.901263     0.418707     0.003593    -0.002013   972.348570
ENDSCAV                         10.298794    -0.713927  1969.901264     0.418707     0.003593    -0.002013   972.344676
ENDSCAV                          0.000000     0.000000    -0.000001     0.000000     0.000000     0.000000     0.003894






































































































































