! Impact-T input file
!Npcol Nprow
1 1
!Dt Ntstep Nbunch
5e-13 1000000 1
!Dim Np Flagmap Flagerr Flagdiag Flagimg Zimage
6 1000000 1 0 2 1 0.02
!Nx Ny Nz Flagbc Xrad Yrad Perdlen
64 64 128 1 0.015 0.015 45.0
!Flagdist Rstartflg Flagsbstp Nemission Temission
16 0 0 400 1.9835326082593827e-12
!sigx(m) sigpx muxpx xscale pxscale xmu1(m) xmu2
0.0006 0.0 0.0 1.0 1.0 0.0 0.0
!sigy(m) sigpy muxpy yscale pyscale ymu1(m) ymu2
0.0006 0.0 0.0 1.0 1.0 0.0 0.0
!sigz(m) sigpz muxpz zscale pzscale zmu1(m) zmu2
1.27e-06 0.0 0.0 1.0 1.0 0.0 0.0
!Bcurr Bkenergy Bmass Bcharge Bfreq Tini
5.71 1.0 511005.0 -1.0 2856000000.0 -9.899205775087716e-13
!=================== LATTICE ===================
0 0 0 -4 0.0 0.0 0.25 5e-13 /!name:change_timestep_1
0 0 0 -5 0.0 0.0 -1000.0 /!name:SC_2D_to_3D
!**************************1.5 cell gun ************************
0.15 0 0 105 0.0 39018304.1317983 2856000000.0 299.6150666844639 201 0.15 0.0 0.0 0.0 0.0 0.0 0.0 /!name:GUN
! Phased
!0.15 0 0 105 0.0 47541430.82645669 2856000000.0 304.83485070005105 201 0.15 0.0 0.0 0.0 0.0 0.0 0.0 /!name:GUN
0.49308 0 0 105 0.0 0.0 0.0 0.0 102 0.15 0.0 0.0 0.0 0.0 0.0 0.143 /!name:SOL1
! Corrector quads: skew and regular. 
! Overlap SOL1. Effective length, radius estimated from measurements. 
! Max field should be 0.00714 T/m
0.36 0 0 1 0.01601 0.0 0.21 0.0254 0.0 0.0 0.0 0.0 0.7853981633974483 /!name:SQ01
0.36 0 0 1 0.01601 0.0 0.21 0.0254 0.0 0.0 0.0 0.0 0.0 /!name:CQ01
!0 1 41 -2 0.0 0.0 0.977844 /!name:WRITE_BEAM_41_BEGL0
! Write beam for YAG02
0 1 41 -2 0.0 0.0 1.38841 /!name:YAG02
!!!0 0 0 -8  0 -1 0.977844    /!name:'sc_off'
0.072 0 0 0 1.387 0.15 /!name:drift_1
!
!**************************** L0A begin **************************
0.041 0 0 0 1.459 0.15 /!name:drift_2
0 -1 0 -6 1 1 1.5 4.527856 0.0116 0.0292 0.035 /!name:wakefield_1
!to get 63.6MeV
0.052464 0 0 105 1.5 26463017.675860506 2856000000.0 561.9861554162742 4 0.15 0.0 0.0 0.0 0.0 0.0 0.0 /!name:L0A_entrance
2.937928 0 0 105 1.552464 30567659.815443344 2856000000.0 591.9861554162742 5 0.15 0.0 0.0 0.0 0.0 0.0 0.0 /!name:L0A_body_1
2.937928 0 0 105 1.552464 30567659.815443344 2856000000.0 651.9861554162742 6 0.15 0.0 0.0 0.0 0.0 0.0 0.0 /!name:L0A_body_2
0.052464 0 0 105 4.490392 26463017.675860506 2856000000.0 561.9861554162742 7 0.15 0.0 0.0 0.0 0.0 0.0 0.0 /!name:L0A_exit
! Phased
!0.052464 0 0 105 1.485 26013438.73067529 2856000000.0 267.6977306658628 4 0.15 0.0 0.0 0.0 0.0 0.0 0.0 /!name:L0A_entrance
!2.937928 0 0 105 1.537464 30048347.300712895 2856000000.0 297.6977306658628 5 0.15 0.0 0.0 0.0 0.0 0.0 0.0 /!name:L0A_body_1
!2.937928 0 0 105 1.537464 30048347.300712895 2856000000.0 357.6977306658628 6 0.15 0.0 0.0 0.0 0.0 0.0 0.0 /!name:L0A_body_2
!0.052464 0 0 105 4.475392 26013438.73067529 2856000000.0 267.6977306658628 7 0.15 0.0 0.0 0.0 0.0 0.0 0.0 /!name:L0A_exit
0.011 0 0 0 4.542856 0.15 /!name:drift_3
!***************************** L0A exit ***************************
! Space charge switches
!!!0 0 0 -8 0 1 4.527856 / name:SC_ON
!!!0 0 0 -8 0 -1 4.527856 / name:SC_OFF
!!!0 0 0 -5 0.0 0.0 4.527856 /!name:SC_2D_to_3D
!
!0 1 42 -2 0.0 0.0 4.554244 /!name:WRITE_BEAM_42_L0BBEG
0.199 0 0 0 4.553856 0.15 /!name:drift_4
0 1 42 -2 0.0 0.0 4.614539 /!name:YAG03
!! -----------QA01-----------------
0.204 0 0 1 4.752856 1.8524 0.108 0.016 0.0 0.0 0.0 0.0 0.0 /!name:QA01
0.124 0 0 0 4.956856 0.15 /!name:drift_5
!
! -----------QA02-----------------
0.204 0 0 1 5.080856 -1.8267 0.108 0.016 0.0 0.0 0.0 0.0 0.0 /!name:QA02
0.0179 0 0 0 5.284856 0.15 /!name:drift_6
!
!***************************** L0B begin ***************************
0.042244 0 0 0 5.302756 0.15 /!name:drift_7
0 -1 0 -6 1 1 5.345 8.371612 0.0116 0.0292 0.035 /!name:wakefield_2
!to get 135MeV
0.052464 0 0 105 5.345 32333081.15528305 2856000000.0 688.3766666631432 4 0.15 0.0 0.0 0.0 0.0 0.0 0.0 /!name:L0B_entrance
2.937928 0 0 105 5.397464 37348220.73755335 2856000000.0 718.3766666631432 5 0.15 0.0 0.0 0.0 0.0 0.0 0.0 /!name:L0B_body_1
2.937928 0 0 105 5.397464 37348220.73755335 2856000000.0 778.3766666631432 6 0.15 0.0 0.0 0.0 0.0 0.0 0.0 /!name:L0B_body_2
0.052464 0 0 105 8.335392 32333081.15528305 2856000000.0 688.3766666631432 7 0.15 0.0 0.0 0.0 0.0 0.0 0.0 /!name:L0B_exit
! Phased
!0.052464 0 0 105 5.328756 31841617.97938928 2856000000.0 44.48325907727957 4 0.15 0.0 0.0 0.0 0.0 0.0 0.0 /!name:L0B_entrance
!2.937928 0 0 105 5.38122 36780527.3869102 2856000000.0 74.48325907727957 5 0.15 0.0 0.0 0.0 0.0 0.0 0.0 /!name:L0B_body_1
!2.937928 0 0 105 5.38122 36780527.3869102 2856000000.0 134.48325907727957 6 0.15 0.0 0.0 0.0 0.0 0.0 0.0 /!name:L0B_body_2
!0.052464 0 0 105 8.319148 31841617.97938928 2856000000.0 44.48325907727957 7 0.15 0.0 0.0 0.0 0.0 0.0 0.0 /!name:L0B_exit
0.009756 0 0 0 8.387856 0.15 /!name:drift_8
!***************************** L0B exit ****************************
!
0.0 0 0 0 8.397612 0.15 /!name:drift_9
0 1 43 -2 0.0 0.0 8.398442 /!name:WRITE_BEAM_43_ENDL0
!
!QE01/BPM6
0.1912 0 0 1 8.397612 0.1872 0.108 0.016 0.0 0.0 0.0 0.0 0.0 /!name:QE01
0 1 44 -2 0.0 0.0 8.548049 /!name:WRITE_BEAM_44_QE01
0.203913 0 0 0 8.588812 0.15 /!name:drift_10
!
!QE02/BPM7
0.204 0 0 1 8.792725 0.1661 0.108 0.016 0.0 0.0 0.0 0.0 0.0 /!name:QE02
!
0.07933 0 0 0 8.996725 0.15 /!name:drift_11
!
!LH begins
1.6098 0 0 0 9.076055 0.15 /!name:drift_12
!LH ends
!
0.122901 0 0 0 10.685855 0.15 /!name:drift_13
!
!TCAV0
0.668024 0 0 0 10.808756 0.15 /!name:drift_14
0.00074 0 0 0 11.47678 0.15 /!name:drift_15
!
!QE03
0.178 0 0 1 11.47752 -2.6409 0.108 0.016 0.0 0.0 0.0 0.0 0.0 /!name:QE03
0.1269 0 0 0 11.65552 0.15 /!name:drift_16
!
!XC/YC07
0.0 0 0 0 11.78242 0.15 /!name:drift_17
0.088499 0 0 0 11.78242 0.15 /!name:drift_18
!
!QE04
0.204 0 0 1 11.870919 2.98 0.108 0.016 0.0 0.0 0.0 0.0 0.0 /!name:QE04
0.095688 0 0 0 12.074919 0.15 /!name:drift_19
!
!WS01
0.0 0 0 0 12.170607 0.15 /!name:drift_20
!
0.151968 0 0 0 12.170607 0.15 /!name:drift_21
!OTR1
!
1.761761 0 0 0 12.322575 0.15 /!name:OTR1
!
!WS02
0.0 0 0 0 14.084336 0.15 /!name:drift_23
0.151968 0 0 0 14.084336 0.15 /!name:drift_24
!
!OTR2
0.16381 0 0 0 14.236304 0.15 /!name:OTR2
0 1 45 -2 0.0 0.0 14.236304 /!name:WRITE_BEAM_45_OTR2
!
!BPM10
0.0 0 0 0 14.400114 0.15 /!name:drift_26
1.59793 0 0 0 14.400114 0.15 /!name:drift_27
!
!WS03
0.151968 0 0 0 15.998044 0.15 /!name:WS03
!
!OTR3
!
0.102806 0 0 0 16.15 0.15 /!name:OTR3
!
!QM01 and BPM11
0.204 0 0 1 16.2528 -6.772664 0.108 0.016 0.0 0.0 0.0 0.0 0.0 /!name:quadrupole_7
0.099872 0 0 0 16.4568 0.15 /!name:drift_30
!
!XC08/YC08
0.18333 0 0 0 16.556672 0.15 /!name:drift_31
!
!VV04
!all above same as MAD and similar to yuandao. 
0 0 0 -99 14.085336 0.0 14.085336 /!name:stop_1








