79.0
-0.15
0.15
0.30 
0.48844273413024397
 -0.4116283507390576
 -1.440693215895134E-8
 -1.5299800454022363
 -2.4324164302572516E-8
 -1.082595813130643
 3.809501803062328E-9
 -0.008778695459466312
 6.472541331780535E-9
 0.27026169002658934
 -4.918395423368833E-8
 0.03296668643647026
 -3.801089422309112E-8
 -0.01712130883239224
 -9.89931671189728E-9
 0.0512477018421548
 -2.6372071918851206E-8
 0.017793415900610707
 -1.7915513156978475E-8
 -0.02347496012479797
 9.434421756587862E-8
 0.0017384688774580526
 1.7041795730742054E-7
 0.019203539626531027
 2.6011923392756638E-8
 0.0018476097207027616
 -1.095475713308845E-7
 -0.008258890113642234
 -5.815432745820208E-8
 -0.0028990989164212693
 9.722889678262192E-8
 -0.0010597946878768507
 -8.112674522188267E-8
 -0.0026262694836505364
 -1.21851197347718E-7
 -0.0005010092438081073
 1.4266285475026195E-8
 0.0018744184236520705
 4.584295892634716E-8
 0.0012092224754188868
 6.329776880857694E-8
 0.00009702281249097227
 -1.3245196152885414E-7
 0.00005216938821020401
 1.0196144239750917E-8
 0.0000015154823385220101
 1.284336658527452E-8
 -0.0002634835549489121
 1.0698304163923229E-7
 -0.00020360619134369008
 -4.5247145104714274E-8
 0.000008830120083794666
 -2.7545112803868607E-7
 0.00004373853941346821
 8.603294922927897E-8
 0.000006963830107157425
 3.0501938375829624E-7
 0.000019894094890374007
 -7.261914882173139E-8
 0.000023296248451032475
 -3.5814048423120215E-7
 -0.0000012082831829356346
 -4.586558185790581E-7
 -0.000010140737285304646
 3.258310594196725E-7
 -0.0000011155221868662097
 1.6843887041892984E-7
 0.000003968713054004411
 -1.0173823331625795E-7
 -7.059292144119324E-7
 -9.478281958692731E-8
 -0.000006339887338151004
 4.644343017219209E-8
 -0.000005276871688096106
 -1.5674861294633106E-7
 -0.0000023066193271676655
 -1.445119515125497E-7
 -0.000008341253416337897
 3.2023527341799384E-7
 1.0
 0.0
 0.0
 0.0
 0.0
